1	2	3	4	5	6	7	8	9	10	17	12	13	14	14	15	16	16	16	16	16	16	16	16	11	false
-1	-1	-1	-1	-1	-1	-1	-1	-1	-1	-1	-1	-1	-1	-1	-1	-1	-1	-1	-1	-1	-1	-1	-1	-1	true
-1	-1	-1	-1	-1	-1	-1	-1	-1	-1	-1	-1	-1	-1	-1	-1	-1	-1	-1	-1	-1	-1	-1	-1	-1	true
-1	-1	-1	-1	-1	-1	-1	-1	-1	-1	-1	-1	-1	-1	-1	-1	-1	-1	-1	-1	-1	-1	-1	-1	-1	true
-1	-1	-1	-1	-1	-1	-1	-1	-1	-1	-1	-1	-1	-1	-1	-1	-1	-1	-1	-1	-1	-1	-1	-1	-1	true
-1	-1	-1	-1	-1	-1	-1	-1	-1	-1	-1	-1	-1	-1	-1	-1	-1	-1	-1	-1	-1	-1	-1	-1	-1	true
-1	-1	-1	-1	-1	-1	-1	-1	-1	-1	-1	-1	-1	-1	-1	-1	-1	-1	-1	-1	-1	-1	-1	-1	-1	true
-1	-1	-1	-1	-1	-1	-1	-1	-1	-1	-1	-1	-1	-1	-1	-1	-1	-1	-1	-1	-1	-1	-1	-1	-1	true
-1	-1	-1	-1	-1	-1	-1	-1	-1	-1	-1	-1	-1	-1	-1	-1	-1	-1	-1	-1	-1	-1	-1	-1	-1	true
-1	-1	-1	-1	-1	-1	-1	-1	-1	-1	-1	-1	-1	-1	-1	-1	-1	-1	-1	-1	-1	-1	-1	-1	-1	true
-1	-1	-1	-1	-1	-1	-1	-1	-1	10	-1	-1	-1	-1	-1	-1	-1	-1	-1	-1	-1	-1	-1	-1	11	true
-1	-1	-1	-1	-1	-1	-1	-1	-1	11	-1	-1	-1	19	19	-1	-1	-1	-1	-1	-1	-1	-1	-1	-1	true
-1	-1	-1	-1	-1	-1	-1	-1	-1	16	-1	16	18	16	16	16	22	16	16	20	16	16	16	16	-1	true
-1	-1	-1	-1	-1	-1	-1	-1	-1	16	-1	16	16	16	16	16	22	16	16	16	16	16	16	16	-1	true
-1	-1	-1	-1	-1	-1	-1	-1	-1	16	-1	16	16	16	16	16	22	16	16	16	16	16	16	16	-1	true
-1	-1	-1	-1	-1	-1	-1	-1	-1	16	-1	16	16	16	16	16	16	16	26	16	16	16	16	16	-1	true
-1	-1	-1	-1	-1	-1	-1	-1	-1	16	-1	16	16	16	16	16	16	16	16	16	16	16	16	16	-1	true
-1	-1	-1	-1	-1	-1	-1	-1	-1	-1	17	-1	-1	-1	-1	-1	-1	-1	-1	-1	-1	-1	-1	-1	-1	true
-1	-1	-1	-1	-1	-1	-1	-1	-1	16	-1	16	16	16	16	16	16	16	16	16	16	16	16	16	-1	true
-1	-1	-1	-1	-1	-1	-1	-1	-1	29	-1	-1	-1	-1	-1	-1	-1	-1	-1	-1	-1	-1	-1	-1	-1	false
-1	-1	-1	-1	-1	-1	-1	-1	-1	16	-1	16	16	16	16	16	16	16	16	16	21	16	16	16	-1	true
-1	-1	-1	-1	-1	-1	-1	-1	-1	16	-1	16	16	16	16	16	16	16	16	16	16	16	16	16	-1	true
-1	-1	-1	-1	-1	-1	-1	-1	-1	16	-1	16	16	14	14	16	16	27	16	16	16	23	16	16	-1	true
-1	-1	-1	-1	-1	-1	-1	-1	-1	16	-1	16	16	16	16	16	16	16	16	16	16	16	24	16	-1	true
-1	-1	-1	-1	-1	-1	-1	-1	-1	16	-1	16	16	16	16	16	16	16	16	16	25	16	16	16	-1	true
-1	-1	-1	-1	-1	-1	-1	-1	-1	16	-1	16	16	16	16	16	16	16	16	16	16	16	16	16	-1	true
-1	-1	-1	-1	-1	-1	-1	-1	-1	16	-1	12	16	16	16	16	16	16	16	16	16	16	16	16	-1	true
-1	-1	-1	-1	-1	-1	-1	-1	-1	16	-1	16	16	14	14	16	16	16	16	16	16	16	16	16	-1	true
-1	-1	-1	-1	-1	-1	-1	-1	-1	29	-1	-1	-1	-1	-1	-1	-1	-1	-1	-1	-1	-1	-1	-1	-1	false
-1	-1	-1	-1	-1	-1	-1	-1	-1	29	-1	-1	-1	-1	-1	-1	-1	-1	-1	-1	-1	-1	-1	-1	-1	true